0.29461710583228906,0.09129069355205688
0.5561574612004186,0.036504663827145234
0.8934912523490978,0.02320483264433837
0.33479599387303494,0.906045102405372
0.16756355510991738,0.6436100094851749
0.6103463607277863,0.03125256450474734
0.40176785305725726,0.9120352126078661
0.2530875028485696,0.22930236088685108
0.4677463694572127,0.051247310059008955
0.6446197133565598,0.1431983764681618
0.27167541253179084,0.4405592835192008
0.28201539999514313,0.7408425659284814
0.7116175701490594,0.3966022606264592
0.47238283888061383,0.7649986271309934
0.7683318082571845,0.6200336846842753
0.7481225283812439,0.8291268078101959
0.8427315718703479,0.9587254887103146
0.7005386814828712,0.42926222071701303
0.3486881906112902,0.6662952773851647
0.9031007250886093,0.8735535685394428
0.871634902865644,0.5194146319334354
0.4755329701055885,0.018775554255799354
0.9114347096352925,0.9981485504634452
0.6260432675673857,0.747072749835664
0.3422329766859227,0.23065071656228409
0.2013841141769157,0.31638825190981523
0.2425236089979208,0.5568589042462295
0.8730727476647223,0.0744760539057151
0.6754151586056583,0.3754062238241068
0.09297939907330466,0.5390908310210645
0.33209157283977153,0.4037830973320239
0.3626256862492777,0.5158947193366323
0.6907194331134932,0.6038558770578144
0.6779182745622515,0.7508154381768245
0.4885619930136772,0.8031682487869677
0.23467505606780092,0.5950360651922718
0.8568176994829353,0.47702149940828675
0.6101846358810774,0.2984911102436324
0.42570876673550573,0.24715050890524393
0.6721722865265883,0.8416901958175149
0.07160339670708138,0.39988231040027267
0.40892857032126473,0.6658845124045046
0.7484627913502274,0.12998463462203058
0.7229894188450771,0.2680377904453458
0.022662149527687636,0.2759817652324512
0.9856394913257963,0.3897577646107606
0.5132423415445369,0.028535888206586812
0.8106432907481802,0.44829050147384386
0.4289071740954885,0.46556211886331367
0.07299151294862605,0.9328741967247214
0.7885886372719001,0.7960652941581657
0.6720825607056574,0.7211951611798816
0.7141603808612457,0.8792582136101993
0.9186425172971484,0.6583836959187173
0.3918878249742178,0.9263395611736392
0.7108189814985469,0.28493288115231763
0.9134605034524927,0.28938159037676103
0.8572679242689893,0.30011856856306407
0.22796067291539324,0.8950971436937832
0.003684202507531098,0.2039445496852751
0.8628796158185543,0.19082604225058386
0.6241108173696627,0.5733313939039238
0.9053011212546079,0.43590132521401315
0.44949326463410244,0.5972138486672021
0.9736291652331274,0.7936261203681616
0.5233292337567369,0.8204058886212608
0.5557450994333057,0.9574118798229054
0.7978961492057863,0.5275388258197249
0.14123680148061768,0.9791997629430224
0.8144221307360259,0.8360722819195479
0.03335071425078395,0.5591063506164874
0.5466985224245491,0.36132385162714764
0.5905751819695833,0.30230608796763003
0.9300152615385431,0.2666583469013042
0.9182710945425198,0.35248235989059895
0.9459329100497746,0.6184225125228717
0.7075242491663138,0.37074998987142826
0.38828807772296037,0.22790720789651264
0.0014011671994885733,0.04477207171569708
0.5969617642499048,0.5815631877171988
0.1580479142227409,0.18486427517185133
0.5133230623956642,0.035893389872958315
0.17557970259666356,0.9922001398400178
0.38489332203800075,0.18488836042169432
0.8454665314329967,0.26880123817098867
0.32665869354953747,0.19556825195228034
0.9091277030032776,0.1798163732841762
0.7325919183909957,0.9511389712703183
0.5067066263840382,0.6756642552725346
0.22332713623975664,0.04146606999110547
0.727504390086651,0.8349343259132506
0.41456360131383185,0.9970150062535318
0.9983086142341455,0.19851111270719612
0.2956582577785021,0.6751018879003081
0.37886228976526004,0.6312071094046545
0.4189985405848987,0.37624364931732746
0.5729743509643187,0.3692602348370563
0.4181307889953887,0.09359275283905744
0.6092823948513666,0.690371688051908
0.5962515319293826,0.2798860801846843
0.6974352316846407,0.07753073061494309
0.45655232260306555,0.6540331484828915
0.7234707472766927,0.8386928132615802
0.0820415295633985,0.8634145232228774
0.21242267139005178,0.8914481182732963
0.21484890465956352,0.26815608504028376
0.35669769601294243,0.8251379679422242
0.7336519335386085,0.720090337341497
0.8855215108842474,0.41244631054245473
0.9827459772220659,0.9718112786151342
0.1337611948323949,0.45831456059896214
0.06741231896103872,0.27017471549170824
0.657688235420209,0.24609771302227823
0.7976216740528406,0.7637911260810095
0.1407550309419232,0.8692004636610594
0.4357434452725084,0.5855032084346982
0.1342148840522095,0.42100212976573315
0.7838134749633684,0.8585364817592699
0.3854238031210797,0.35669933702182255
0.43204622521780034,0.41895520176558465
0.12092006786122145,0.3377662616431306
0.18266000296837026,0.7472527558023921
0.6718852498249586,0.5230519132745456
0.7617164544330853,0.45834959811363996
0.25634822091773035,0.5801046331066797
0.9365588431758944,0.7119680351008221
0.5655017086295716,0.6561344099523583
0.06756603343279399,0.07429819858355069
0.04075843508865917,0.17009330824094804
0.9403217280009145,0.6870644246175014
0.37368179176818994,0.5656755060260208
0.44793234136941606,0.08154771498360158
0.8126841590145943,0.09960787991940645
0.3231081687942743,0.6128135872620827
0.31839321722077885,0.3304230107146161
0.6557568137183867,0.28334181004795744
0.47384482179137777,0.21997657886258737
0.3742193478610074,0.675448089990911
0.326168662415939,0.6632913116858963
0.2169139287771238,0.8183344771785409
0.013190847946771833,0.8218801428802255
0.976032687858195,0.07829963110233329
0.11138522983019727,0.8515213640005848
0.9560720947146314,0.5795858812421985
0.1308631764003232,0.4875293601481384
0.6573590243050987,0.23853531682915985
0.4785993691923154,0.47888380768849037
0.6683673216857662,0.22517199430039336
0.5128486978430705,0.04715184484582713
0.630503386791599,0.5540234272762871
0.019717957336169545,0.38695693805783316
0.9251712378018084,0.5499391552577004
0.5571124922572218,0.7218190111596183
0.4253105770101967,0.13485975784891957
0.6317873133546444,0.5825106903203432
0.2522346836487235,0.23793514807665983
0.6019886460908965,0.7846447071197811
0.9834768546714132,0.1440859687688213
0.5311808873509969,0.04802774423534184
0.16848788535120773,0.2650475326644943
0.9576104488516723,0.3223866903432776
0.32640906098887734,0.6421308723618384
0.6899673482860696,0.6623930668175617
0.8237786867430669,0.47138081562866774
0.2911614580613858,0.9294821314790983
0.15991225982593738,0.07950635148444862
0.8702399358776787,0.6887832297799108
0.22383001200537433,0.07290378360265337
0.16672855271089615,0.4165484689888709
0.028987352849954684,0.8322887717173505
0.6821885859837191,0.5367866781949062
0.2806978232661189,0.13189795303954222
0.7905383672997103,0.8653808532137599
0.8860196519285702,0.42491730502236746
0.3416959402944719,0.7557861603861149
0.1770108562814996,0.2557384815266003
0.2623582340497609,0.6124774810086041
0.18564005137861672,0.33484046707493487
0.053238518797658396,0.4666345774897107
0.7822732422303833,0.043539112916593514
0.8838429732241717,0.9931238577286304
0.8695395225316448,0.5235419804946395
0.19387435210623905,0.6886557681712904
0.10951142540195391,0.05019189783196332
0.3246085920850742,0.928067578422337
0.854518699886607,0.08847730343898486
0.7240982552549563,0.2690009132433526
0.0505466561714234,0.2873332543870889
0.6968144186858272,0.6848145234548526
0.8870535420839892,0.6804520624427192
0.5013461220120045,0.3713923811423874
0.8781739847560923,0.5307676247747813
0.8390348725927336,0.39557802316246105
0.8776581738702594,0.5809735874068702
0.4219291903438275,0.7312859895836217
0.2535295790390144,0.9538797188675395
0.36020173562993363,0.16391198362014492
0.07832667459788689,0.5841069887854988
0.5671799784543942,0.13448296045998576
0.7269269715775899,0.8565670251628068
0.24439874314075738,0.8420595355734211
0.7163343606362566,0.07736657999354424
0.779590745179403,0.826222744469023
0.9704439175233068,0.5092233790570825
0.06728942591444076,0.811047893142514
0.9476804687997622,0.9661745991738339
0.3447258537818009,0.8077881787988215
0.2305410422646632,0.3813051719205792
0.12495937507097832,0.34556157294600864
0.24345301913640305,0.33641763846585915
0.7046894815249347,0.22765413200494933
0.7389934613305891,0.27401126662876263
0.0259544486488823,0.39562416106312903
0.5723974736105245,0.9996328913765832
0.3789295399796597,0.324210615121732
0.07041651411349792,0.12660794225214267
0.5472959804299113,0.8671208604381695
0.9929700211770892,0.31535464874762187
0.5181594049039158,0.6270921613403667
0.684667129225414,0.5159302092321363
0.8052542936787037,0.7331922371142244
0.5181572026386686,0.9351530570615189
0.7671786410260601,0.37414416272456796
0.14240188108991747,0.11859042286359867
0.04166167718892455,0.5585311520305833
0.36634274303544645,0.36289574094480803
0.36237361276531277,0.35105782473520897
0.732072994813034,0.6554259312926137
0.5765463423806989,0.2686134681342913
0.9615030739914209,0.4757638789274904
0.6396798740257587,0.6107047623107789
0.49664370911309796,0.08771648468446547
0.7278683474775879,0.2458942885722416
0.2960127043397438,0.4005541464299043
0.37878696732694184,0.7792025331966718
0.8983039190765896,0.08470316412212375
0.7491386424294286,0.0850007105950743
0.5193407053835459,0.3897971837140404
0.6593673540441429,0.9057424228427712
0.6094677841914576,0.03193965374771135
0.08570301782142098,0.5889523964538298
0.8659195063680876,0.5922245019591822
0.15511030718705032,0.06321067970479655
0.16833412656737845,0.100007309233484
0.5004715824445582,0.8384412960979195
0.28546745278510166,0.8621146863645973
0.04134243633585277,0.15663440351016866
0.48729132714620726,0.14312527077788262
0.8698753516021082,0.41620151748155865
0.38904600271019985,0.00205019104097226
0.942015683614044,0.6464834566872129
0.4524473138440721,0.44718696195448115
0.7008311892254331,0.1185011039703161
0.5741332596633703,0.08361606888105444
0.5918445273721921,0.14385959406787663
0.10256675921029978,0.5967538426297786
0.6694962909930819,0.7357862899718336
0.4419947097428567,0.7405719833252579
0.1393730014939678,0.08460396499594336
0.1256958058731421,0.9805381670595914
0.7325934142735405,0.734510091139917
0.8706326454556098,0.5790282864191524
0.2667534234608744,0.9393543692154336
0.6617564448080728,0.7049056377317374
0.6120882283500878,0.9221760461452105
0.35659546436956624,0.09915809867445902
0.5520177594619392,0.6665835324298846
0.6493910509631379,0.934929415492122
0.7039998640882751,0.4276287651959805
0.48892801953714216,0.7729760633717634
0.7496226926703659,0.365649432729911
0.20533885109984062,0.9325265627864358
0.7121261780655058,0.5786220352469962
0.6685443513762279,0.17271530103463595
0.9150501946913344,0.3368893237593493
0.7746253573752694,0.31120831349934674
0.5574646091575577,0.5086962488387413
0.4363041493214238,0.29433378060575444
0.5492443012244997,0.005788135640099168
0.03984590822459577,0.2769753281797832
0.36411029906371795,0.5753959735601687
0.02307387805103267,0.47068132758091497
0.18866558647157172,0.41825319009860795
0.8278248641597137,0.8748892312766429
0.5724123324136298,0.9218593173185252
0.9850541177682254,0.5188584930821052
0.11674468553303918,0.26402582885772596
0.5019315180867598,0.5108517307345567
0.48016965617881313,0.7638098542553925
0.03765432901337673,0.016298615884235534
0.12251581543203693,0.6352617054723628
0.5783337834705483,0.26812237070488143
0.7626477351976352,0.2339828633500204
0.4511961519017318,0.8501042194203162
0.4822118898785781,0.9773106451464776
0.5544715171607834,0.7881063890849038
0.7721972576675308,0.8660168606159352
0.621726532219789,0.43416918753838496
0.5896021858627325,0.9387275470383497
0.1880298771064084,0.7349438871026244
0.6682561783812494,0.04984152873138681
0.6802221046495237,0.23861754066000662
0.9108539709254562,0.07754544965850263
0.7146947580374724,0.11343147718629643
0.6785162421975747,0.04059377751825888
0.2534657306730671,0.5260908447095163
0.18969944407642614,0.6308420774050336
0.7429711300239649,0.9598075790831881
0.04203547668896779,0.35309259952575
0.7398768672961248,0.4394143964609951
0.07868882551287992,0.8046310558959461
0.8143454363719087,0.17493297005099673
0.4350774760816173,0.6239044466828686
0.7135766864944916,0.8351746274540813
0.6223112833849391,0.29110916629730366
0.8670738070887385,0.5193973940079336
0.9304592112995036,0.2730301275521777
0.3199692266411738,0.5077380563901206
0.2677649425433507,0.970290684745771
0.09187670048586816,0.04008390252013605
0.7911882403820285,0.5472445264657384
0.7761201589201507,0.6982435094534413
0.32915670239022754,0.003060288823067636
0.9178216769964125,0.44772165055603563
0.6491709125257827,0.7771204048460074
0.33921389119074086,0.03309861647209211
0.08091380167271744,0.7726756442361276
0.11667547656951127,0.21495909555782278
0.8697723282612955,0.9297675636408974
0.3563706295615058,0.2865122055052811
0.9061879243954092,0.3817508779890072
0.2640064108152239,0.41448813649512284
0.1530098650821763,0.7893185452193677
0.25910473853585114,0.6115933281003706
0.1760332109966961,0.6617523566741389
0.04531865104337773,0.5667509402853452
0.6721611725985223,0.3471922207119812
0.6157050886656793,0.1345485154549243
0.7851394830549684,0.9020378644102658
0.14549938611743318,0.016760580841689965
0.3005678728372978,0.23416641879105082
0.6048194254792487,0.05650857142136978
0.5199019637134685,0.7554705021971042
0.7098603493103637,0.6095665452292762
0.7274164732585866,0.2762908748195877
0.5235232772562429,0.657515690476485
0.6846085264181988,0.027638574577425246
0.615054665731872,0.6838965823676671
0.5132774673401027,0.5066718128258675
0.19315515974472175,0.847202869694946
0.6615259404222287,0.3067125842109254
0.03815057166800284,0.6535061201236072
0.38618395893550606,0.21515928277063168
0.37619909458185585,0.15669608247417954
0.3306663617176301,0.6409708014162538
0.062143128765829614,0.6957663909561198
0.32903123974432646,0.8679687667294198
0.5674957152253793,0.3162711457968539
0.5250151280664554,0.7210245069338234
0.3061850448200196,0.31702260371649316
0.259078276119431,0.9792677368727923
0.773063252829145,0.8132960840543781
0.9470013228588219,0.2737741141954535
0.818818118974725,0.8142533092158784
0.35033252709925766,0.26675929726512915
0.13980969822145684,0.07499034752303857
0.2219922037224228,0.6251276195307601
0.7224863262400585,0.902562453625223
0.2995993553645546,0.673293227286316
0.5494172163527276,0.17053235161781477
0.014592819050495032,0.6385124599364688
0.3476120218836979,0.028035036352265785
0.08697723694001092,0.0865362979266816
0.5396802062286841,0.1770462107277645
0.38353212443940354,0.4862119660682471
0.8445161539370067,0.135487873910895
0.03157991958181039,0.838732990872783
0.16657832856482824,0.6039992296155698
0.8009166614325485,0.9605580041712938
0.511464284751182,0.9106465875932724
0.193267056046457,0.3185876199164722
0.6703654694952813,0.5205413018566134
0.5116331925181439,0.2820106295308292
0.32711903417133326,0.7662801301955117
0.4211641865104242,0.2772993943867752
0.05895626804552412,0.2803173834194066
0.1586816304490567,0.61115624830118
0.42568072291226466,0.09182414097066549
0.5997537527981688,0.6607815358957237
0.9718910192399686,0.9882844069295764
0.8502191566433523,0.7216555349776944
0.502997119276504,0.5360241534871681
0.8933179516328339,0.05009578693199579
0.43816069231258326,0.10406379726865189
0.09409729141683143,0.5411722968963759
0.3919238517315149,0.3421303553484192
0.03951492330267059,0.042133355538281014
0.3911728684409249,0.8263609764015971
0.27567266924517186,0.5173144361679276
0.29521630853025116,0.005174469966239603
0.99286971625685,0.1525738953765451
0.05414015120728621,0.15298289142446408
0.6046730955424471,0.015618550608378468
0.41423477315650026,0.7708608393234969
0.46896072681157364,0.07315334935027462
0.5591721447799548,0.7609850207813366
0.7069000330344053,0.20660904840150485
0.9617436093285986,0.7456022108634044
0.19008337485511895,0.3652723380442612
0.41335227734680957,0.10147900440064606
0.2865486844313466,0.14896341491276532
0.7970860580784485,0.6372319274611802
0.8831721394158211,0.9219758987992659
0.6750808106634117,0.35363213663319604
0.5349271249527899,0.025814528741703535
0.1720156767062564,0.3959236122114398
0.3307618581648607,0.7803363237373477
0.9539651567856232,0.13239002420416646
0.2113554502430891,0.7412214940691844
0.32546594487502056,0.2748496372050736
0.02577028643578705,0.11626986530229366
0.597538775793683,0.09445375982014359
0.5720265496923816,0.3338402067613826
0.9155387770725442,0.08010954998537068
0.2308821716321353,0.5038188117617745
0.6780900512492575,0.8370424293557099
0.5726093738444837,0.9148248754177304
0.5269939211904181,0.6294598884181714
0.4933170993753886,0.7709302898315314
0.6428821266197535,0.7339728471530214
0.020376179246243242,0.08699161796719534
0.7425197812820727,0.6893764012036162
0.9157616280349627,0.033762648667707396
0.7410452707747608,0.6035872703036801
0.6016350739053818,0.05227573497970506
0.516067413281346,0.9099801122148572
0.7342472303849871,0.7415512070707173
0.5904227036348495,0.3530605617632401
0.9602487730166315,0.864513549329092
0.8365286266244374,0.5273582682430371
0.0037554307474886306,0.8140641361903898
0.4976513681212047,0.993617858641454
0.2530211935969999,0.5345801973075369
0.9200396946875363,0.852811839301904
0.4423310826720456,0.2036799541019677
0.39475884025664254,0.671194386881954
0.857732924349843,0.944914655708657
0.41919176344518605,0.8185602012894333
0.7344853468748743,0.46411788883043836
0.505557513389202,0.6070682030029939
0.15960689392477245,0.7804633527263127
0.3874292302936736,0.09943482662201675
0.8446693070368314,0.15785238502710697
0.10511749425801731,0.0929974221565566
0.5919853409483005,0.9330731330962199
0.9869172494997337,0.5800929181123943
0.14159977573271698,0.18424276500672065
0.9855992351139559,0.9353931080582278
0.3569996995648972,0.08636564803375768
0.1781600460007865,0.18728225291334455
0.3842183547512309,0.3604096397240263
0.4917274513734349,0.9930589444608839
0.502014183488394,0.43812359021777103
0.8796505905199723,0.35668864118488863
0.8700649966041614,0.8368891325521318
0.2391872521603552,0.7030292735065271
0.27762461524818316,0.7672205090976327
0.33583354869020043,0.6538971396471498
0.2968474220568036,0.18009602715381434
0.8792239214558563,0.7390362108473842
0.9529937977202091,0.3021254090843245
0.6816622583161496,0.3189982235109494
0.13798763302760597,0.20362747600285347
0.5227276571904389,0.19713774324556765
0.5143043860313341,0.09801311339416319
0.9420314165004418,0.7543702432127978
0.5829265851163983,0.8804381200762097
0.6870842962162308,0.9530374961906719
0.9221107729939118,0.8795120803936692
0.9543662531146664,0.22516949610622772
0.34296851987952015,0.9179181445154179
0.8790734293514864,0.08562766746267314
0.8533711175225026,0.5561204689496906
0.9526499244955415,0.29205893406232664
0.8734461030675913,0.8279052474378882
0.17709521010657825,0.5112864474788542
0.10394093233202095,0.867322012973406
0.8011699709021144,0.7457069488901248
0.8129875783715985,0.5736622925656405
0.426006955809769,0.22346105727367427
0.0773090697966008,0.8644328369384511
0.11626537044861218,0.06258745769536878
0.6906671648494271,0.12585106405862156
0.9078508372914389,0.782067598290436
0.0353579469515648,0.18621045218682242
0.7643552640168435,0.6516124991203425
0.201820153447671,0.5095342741997435
0.6017540315165398,0.9472391354063112
0.03692870695675465,0.33525622226499774
0.47453072740056823,0.41112849552803765
0.6033036849216911,0.17423647328678704
0.39628238745479194,0.6019531850178363
0.7399729717390895,0.4122426488626363
0.5539908067467694,0.36580769754714026
0.028984552810045527,0.7690951406603815
0.8675290168312966,0.3580696943323137
0.49307211410061014,0.014996312110878485
0.9446038284677937,0.40296580957894346
0.77623548315284,0.6551337759643591
0.4862189718057912,0.49031119778228893
0.39210560715232845,0.2594684203096407
0.10887575848283981,0.3778370817146547
0.8642207354212212,0.736687353146278
0.36711124985986443,0.09271578222312404
0.22784943151420312,0.12962345266363473
0.4836063462912792,0.1073383211496236
0.4147526775132381,0.44401214255893195
0.9239795636118406,0.602094718194193
0.5002860459874976,0.6132777681401206
0.4895145530648062,0.021852743464508606
0.6565003506466474,0.9491108373653431
0.04345270605671947,0.083025604970553
0.9254068350846156,0.33091904400773353
0.3351144537463182,0.4945652882232642
0.6033312821231164,0.9468041476924498
0.6409963289304883,0.9189124471013653
0.11028862107905646,0.6145379328816549
0.10312300058381507,0.11788026710390054
0.7075679864774954,0.5830803128260474
0.7123168976409707,0.8036438305368847
0.32222544453322954,0.24350318181407804
0.85768050281109,0.44645287215435225
0.03894010751280419,0.3627537172439347
0.24346923068259274,0.17838051918274156
0.5276964335569679,0.2945115053976911
0.7606656941912401,0.9763657923690156
0.7900137236909953,0.1184637255036981
0.5929490798812278,0.5080038113466917
0.12695176296660504,0.8126433744647421
0.43538595256212764,0.37998184778010247
0.15887891094116846,0.37304530176169604
0.209051675098763,0.041755552233462834
0.05999724792597183,0.26055597509650386
0.06592455055039825,0.26600443315175626
0.9098768543873005,0.6773021489600658
0.7957776375894823,0.9526014921301607
0.2097592230618902,0.9528447453948642
0.9704256580553804,0.9842765389100422
0.16314777442051842,0.7552142836356026
0.29056765502448845,0.9998489534930893
0.27821084023138776,0.9326044243558946
0.6365987447014746,0.24484986572527867
0.21378089156275526,0.5386106398263025
0.26714679338503544,0.1095501762034835
0.5612409963489542,0.9972212810674421
0.4577233338283545,0.570855165458271
0.43134770299739644,0.4233385360730316
0.6267600548078318,0.5172225053686828
0.2980472852213851,0.8304274213176954
0.6574356891623638,0.8547051833258807
0.5405998324666594,0.3289606809485003
0.6910804067604734,0.3674167834856644
0.5208340283363416,0.4476485045606422
0.14157824417739795,0.5371612520411075
0.834112569949123,0.39401148405578
0.060070139121427,0.9146651038928869
0.5805967562004282,0.4116763420200765
0.2653935117508488,0.1787950543441469
0.11765568319211173,0.3888436086988615
0.8480773035339447,0.7203392649756153
0.7747744261409176,0.5256972394914935
0.7543432617711596,0.44337644821740907
0.43907222263158363,0.17809609358323586
0.16144830767516816,0.48995094048965104
0.7525504426931211,0.9607077418880464
0.26683462234617994,0.7627190574654771
0.9014472072480288,0.8148153746297716
0.9309375917953568,0.44542530034941064
0.6235840272578498,0.024348710145128516
0.33713401892874073,0.20251442509544004
0.11134686073696409,0.09826034799535144
0.46219625738062187,0.37687868746333897
0.9459527721829718,0.028189141660594275
0.6867504952499275,0.2986863353210344
0.0629099651675652,0.6774226936248351
0.31762031452378026,0.7684321967213149
0.019088156921507782,0.9604909554578274
0.14256939743169916,0.8837962580882202
0.5085726646096941,0.032293920802776155
0.39284018688871225,0.6425920373885136
0.15748476456271865,0.9214859371818308
0.6500178832129435,0.1730314399892381
0.11720750359190246,0.9149101389626221
0.30113244632663994,0.01772807052496883
0.8709647603217963,0.5281962811823846
0.11954331961700237,0.6293067370238079
0.9704586810711783,0.0822060226724074
0.42903533407332417,0.12318166345562087
0.12727883967118492,0.7458296342218043
0.09468608314882321,0.3770114523041903
0.19805393969856844,0.40270886229595826
0.27644897353037345,0.7665343348664767
0.12282473831256635,0.8527802494246972
0.48002765448641516,0.1839323263168383
0.8028750189073808,0.669104564129391
0.9445017943067571,0.497568131385997
0.2372647426405371,0.49626729656828283
0.8172956037111535,0.28088435261929434
0.976567650401642,0.6987061711369577
0.8844643481951994,0.46344932098604064
0.0978234344580412,0.0456416318568692
0.8479064847014809,0.5385799630880282
0.45647215285358544,0.5538565967226667
0.27099159717529175,0.09966629190742005
0.9290466839114917,0.7003922893458885
0.3502279590630666,0.7712686355754843
0.7246563717976479,0.964296716356438
0.6129752042952873,0.05125323499381784
0.6138035341875787,0.059883840696892676
0.4898415332984215,0.1866774159379686
0.09983158194549191,0.28352995069767506
0.4652869000738349,0.9688307440082738
0.14131182057634273,0.11185617600155318
0.17108681980709795,0.2517842061269677
0.022933358679855353,0.5612147011018519
0.3546941647009737,0.07399435302245405
0.36796911528844733,0.8467174723764576
0.1281689959921144,0.49395472008746344
0.08714774537910075,0.5636160468244797
0.28322961905460997,0.6385827340487727
0.2667699821922609,0.9546620446277775
0.7441103497119933,0.0069744599669349094
0.613164984100588,0.8241474017063761
0.42229510404147685,0.7723563728399054
0.09109099129764942,0.3126441501614039
0.8358274288918588,0.6815069943582218
0.8204411288241604,0.05603417295395363
0.8607821318514434,0.1636181852554437
0.1286245591084788,0.2182388836440825
0.8936148250940144,0.4295097048154273
0.8952494586065818,0.5091299186327746
0.5204894874684954,0.6673072571986761
0.9712431913305967,0.5774216433730747
0.5133170120038986,0.9221383643224188
0.506302613345242,0.10291681552009091
0.6021194777627407,0.885096984258735
0.47657478427536015,0.5032972825081365
0.00946941019287173,0.6106716916013651
0.5687267958072608,0.4177212841119021
0.17513415039914437,0.13202896542444342
0.8470709563262513,0.03281015145186106
0.4476899873550222,0.04998722258912536
0.3071692233926334,0.8761763365610923
0.7747524806984469,0.4342135619266554
0.5023490732592267,0.9184664202036539
0.584602408917251,0.7941195908148632
0.9188201807381219,0.6969616657055314
0.11937004985164779,0.45212882575271085
0.6705896184093787,0.7020999093251332
0.4535724580017588,0.38343274427121954
0.3871308789822817,0.4528528397970282
0.31168229457989116,0.4740486716368949
0.8747698024425518,0.527712363856807
0.5845384639687101,0.19293701914906058
0.24700834613845768,0.31511088186033753
0.13679257596965733,0.8741318108060093
0.7395150413727493,0.4004200768266508
0.09621734675949056,0.16128262037987728
0.3522686065501993,0.3162433524239521
0.32058637854309435,0.6797024618449756
0.7943492199357183,0.8485373720073478
0.14896727703865287,0.669960481509917
0.9461294558323193,0.21316829650826752
0.8616529096451334,0.14225431970867575
0.199125182695031,0.19582878550758664
0.4965885221020644,0.09224204639954425
0.5855239477110139,0.7828122406680753
0.8000352835473541,0.45670880569552985
0.5674166605636932,0.9009607315256618
0.12534336579064198,0.7813889378213286
0.7200160407272987,0.6321736680301996
0.036090657207790366,0.023459071958436772
0.3136528590507628,0.6711844247955476
0.2184764712115128,0.5176639585928093
0.9760994839642757,0.8548827920447802
0.06274121151400003,0.8977308206214796
0.19977699787239378,0.3072806736903356
0.9345172227064975,0.6836746659889197
0.4476612780037781,0.11628952627759914
0.7243978590386501,0.32079129931931294
0.007209916478081224,0.48679833886494794
0.7376448421750483,0.6875805850904049
0.5433908424269703,0.9991101952904682
0.3658372964634574,0.4775376896898267
0.5099003108030031,0.942617525888434
0.2683977342351528,0.4036954880777357
0.19191648683477291,0.6916647572772051
0.9843140517327408,0.874996153779456
0.17424242522459266,0.7438685691402838
0.9930085333321684,0.6500160658971728
0.45544978771146616,0.35073562739460085
0.24818856877551576,0.986262717638828
0.2616428469906229,0.6362383448076424
0.11964561437510612,0.9722079499219023
0.8527199225927575,0.7210792242553924
0.4953527190870676,0.05441739862914652
0.2595173537568066,0.6486949926096002
0.5198428752864516,0.2535806112005772
0.9419785564110894,0.8436216936010926
0.07473393947112894,0.20094262905713645
0.8164992454343588,0.42366244252441254
0.6433984263851744,0.9205821619714099
0.9648567875870848,0.9343699092699509
0.6441590350563056,0.23317739010952898
0.607640327052358,0.9776756845847934
0.6650241216488839,0.7633456093858918
0.6018555608531956,0.766069078818025
0.28785949508839104,0.7953381757601333
0.8053859216812926,0.8495484834909391
0.351026559324199,0.6408174594604147
0.14025040617793727,0.13463816566734688
0.5668986677082184,0.7576381782687357
0.08210480445114576,0.8430844090512027
0.38430118145749026,0.5900001839469672
0.6051922311517406,0.24241440298510009
0.865803021196299,0.988035837296614
0.31995586139349796,0.82136259362743
0.13592065860860247,0.10883966420801938
0.6547848697406131,0.08023820802533699
0.6486779645537675,0.9011439877957146
0.45387223748113226,0.25962952717913557
0.12159861562501173,0.6322889385222525
0.2899211967250255,0.1404094666633504
0.48808986630501483,0.4288310094666
0.12344447212081511,0.5138279211039184
0.6313102349163147,0.47107940415914995
0.6796586522912479,0.0425469215373222
0.9799954521966868,0.3070449223695736
0.059483781353510734,0.01179412283164738
0.27035078565591986,0.7327309124078167
0.6529156210141023,0.9043814919663309
0.9079998705011412,0.8233921816613755
0.3810468136543478,0.8241552837331728
0.4001134588876496,0.9943317216335268
0.6572697704686767,0.5395148790797317
0.27022441933452424,0.42000178076572914
0.22870303113601564,0.3219572631121921
0.7168674899088956,0.7466198732072374
0.23563984586403142,0.8141749474286627
0.0320657089853017,0.7962065873134885
0.4098260653996514,0.8780551190415392
0.45681828318416284,0.8788969628321496
0.32163188437541057,0.7449986479188248
0.7181268587826313,0.40557242430311524
0.98169016258399,0.8192966249201409
0.9657304690065828,0.7243057752550051
0.904331308315089,0.16987432351257625
0.20660249404983122,0.491806977279429
0.9481532084178723,0.08653080407294222
0.6213948993560714,0.43500288154607136
0.8633219725770745,0.07387419979239351
0.3393986120589103,0.05807903253078062
0.49570721685888475,0.30947228634849266
0.34722159250590123,0.7067575253744723
0.02471363294637574,0.9023083877436768
0.21126846413322387,0.41427970241949685
0.44467797428889944,0.2534529500452727
0.20523910483514085,0.1225080241226858
0.7389589181586382,0.4429318490494635
0.2512458580903485,0.1967568804532237
0.8413546557940645,0.8450918989906137
0.8067820041226019,0.6344069740139637
0.5312410562340201,0.10933545008935486
0.45965709522746456,0.005053948912669637
0.8668310384447893,0.23391529025735203
0.5291474368698105,0.9538863733377869
0.6252136838402702,0.7075521749556051
0.41399270017218026,0.05018424241369368
0.48833922496081905,0.5969569803856867
0.7765025458850291,0.8692741392116247
0.3908740264617828,0.017910152669902146
0.90692032916444,0.4589723572744664
0.5288574654240433,0.6433714981447994
0.7733230824753335,0.7604931096123697
0.01735045775462718,0.7741633081434691
0.3297200821476758,0.12899359399881216
0.0807729978747126,0.02609043836157643
0.6286455729757993,0.8303737155430752
0.961386105843934,0.8719312846134337
0.16442322425523415,0.2786428239121339
0.4393814283984804,0.11755350917950913
0.6594132871052544,0.8221118546526203
0.9722992243709964,0.8884794843509979
0.19793604125913733,0.08686401510696817
0.9820036981998183,0.8565455582431116
0.2111979133922368,0.2424028457001255
0.7442021078051756,0.24587092752842032
0.321429603599213,0.06707155227237749
0.668502106115155,0.6231709070284803
0.4645779714715764,0.3597830026323251
0.49625945509248337,0.5995207685897624
0.028277007097458617,0.0697948761368703
0.08897630740141738,0.34899595373688286
0.9654550841842754,0.49771004294184573
0.03176749176935356,0.2841849390444118
0.9738191853506389,0.05857733122989772
0.2344209435178387,0.3193916645446462
0.8675895788653643,0.3919133102810519
0.07683523890121435,0.8994141658102666
0.2102405713333425,0.0536607998456794
0.4161258311872943,0.37510693597797296
0.12563668231343805,0.6315455251883094
0.9494489633028924,0.3665045136506305
0.9598358894690081,0.8879871375742795
0.009600059981224374,0.47010414273215073
0.12696420513184303,0.4536667831310055
0.8597013836649725,0.03897581259040939
0.03994933334940498,0.6700478169203316
0.9488014110021419,0.7926881740787493
0.5005333450136686,0.41059262548088493
0.39196637647050325,0.6986091263062394
0.3028673135025325,0.09811290613303991
0.14645197652121023,0.9069602210262061
0.09112385483780305,0.6796368057684951
0.9698010767011376,0.5190745553209138
0.7039460974446464,0.020370782317279068
0.26622163901404583,0.6216274460140423
0.33718446754072817,0.034780584282878446
0.3543559160514208,0.3291806576566081
0.8612555636692805,0.8855096090918682
0.5225604757167464,0.5431998792624946
0.5405901738085986,0.7497994490347869
0.47707453090322127,0.75777666901856
0.22002026514910067,0.9782720896235519
0.43396112874711124,0.5206057704153538
0.7665875649292492,0.9523785671583366
0.15746432864817217,0.09233884241660939
0.18513926987262186,0.5845145476545085
0.7054329296193709,0.4382567321472157
0.3622092184504837,0.19874825965014653
0.5067190858165775,0.9332719775375445
0.8350655791108501,0.48030161638391367
0.6659683339096533,0.06459371810841819
0.3314387934697066,0.2883708258726224
0.0679748061849057,0.9759578546564303
0.08032694111317018,0.3895679081963509
0.9367836709673432,0.9131452240329354
0.055407612035574316,0.5882098542582375
0.9939803836836757,0.502581039902839
0.37996888327928346,0.30487780353656413
0.25611463776969057,0.32312903005398663
0.09590453504775931,0.3861132785862449
0.8129636500773497,0.4157642460567348
0.37920140052690265,0.8158145903623099
0.6363486535735325,0.21662861228230657
0.07047979737679388,0.04284135352157781
0.5834749408339033,0.8960436933381912
0.08153045817813975,0.839530263838162
0.2792746013190348,0.2393754597354495
0.83742451373254,0.9622711738658186
0.4889884983853646,0.01521615517679309
0.41865568002906517,0.39798725495492693
0.9252315434480933,0.24216861093759146
0.47890678077357296,0.6493084716257415
0.17304386854873854,0.8875888710323817
0.3314153426724712,0.3364232859788142
0.5619376756997804,0.3099627878392297
0.8205459454249924,0.3750382035905987
0.36570770616615333,0.19116352696525485
0.725060009485417,0.12757059906327817
0.6687807265658673,0.7956559868908302
0.47570591274288676,0.21864531172416646
0.6021379147656458,0.140785567983867
0.9121360073079737,0.15616086768638493
0.42235089460545383,0.06560826999827107
0.6527890707435434,0.5056365804668557
0.08403094608335882,0.2452899907140791
0.40626008667532665,0.1282469552902339
0.538997896380184,0.9139225928423914
0.2138119365036295,0.9118951595184152
0.9847336999608249,0.43067517099064434
0.1800663121674616,0.4998728680381901
0.6801930011422427,0.8525191525201705
0.7225437954756312,0.753098698548278
0.7488011708330774,0.36133558434233626
0.7506066802007851,0.069623073517039
0.5964776920918383,0.7340344868706205
0.4704894755776795,0.22903264005233437
0.1867812291671992,0.04138496652082646
0.7054865927822914,0.1295824652445926
0.43577977818230085,0.41457647216679117
0.7189977887723724,0.642329758364213
0.41600764681414504,0.028101003012715453
0.53301636417566,0.8192382118650853
0.8918786633447263,0.4133665483945149
0.6457765358245594,0.8611670812579238
0.9481826726770636,0.8395228935191483
0.8696601795725415,0.5768547932446291
0.11880058965971585,0.7763003113487124
0.7340956144032799,0.545451811141163
0.47453043902230785,0.3882329324964827
0.5280636007620271,0.8328533654915202
0.586925449589432,0.6004580466370457
0.5929593422846597,0.906027076802332
0.14930237817648884,0.52335356350115
0.9189410006386579,0.3397268688723749
0.3065862296666815,0.9265959350398074
0.4465292303471522,0.016429035853021134
0.42241595228750506,0.012790802563016901
0.7301040140913879,0.7830219237913373
0.09494228587347164,0.956649690580346
0.7810785182816036,0.9467264345004937
0.7220080323550944,0.547755629891421
0.9759124690702435,0.567918891550437
0.8119079824923312,0.8032814874147866
0.887759774762754,0.23897412244017746
0.5376838790315515,0.6015945357108288
0.7804288779225141,0.925941405828658
0.7409175891890374,0.22850176553199508
0.2894664652227239,0.49381126442425105
0.7052433519708027,0.22496017132977952
0.5075577367283767,0.7363264759263161
0.540307945758295,0.07839682352660804
0.29007045207476734,0.08773614117710504
0.9436653225782221,0.10935383513244701
0.10145104800391824,0.7065865198663677
0.4411000202590126,0.37099369157852613
0.13431580153661982,0.29058830356550414
0.9451316859713828,0.5010705732331263
0.7504610686322987,0.8067945103556371
0.6169606241015596,0.244293543078986
0.5166508544511441,0.3027694735053329
0.5688721630709637,0.7975785127242723
0.23792183995204896,0.10212355444468213
0.9021256109793241,0.22150466865002838
0.42727938973901514,0.9817346037132622
0.9396111023674911,0.9083634680287158
0.5930404497091818,0.37817202283405527
0.2830656816459258,0.5005064572619907
0.5737123684945706,0.2772840800032863
0.5013976883499748,0.7122701477140407
0.9051794114387588,0.20360578063368406
0.8396762182879529,0.2245756391638445
0.8661013481298911,0.6451884111812418
0.32760060967992055,0.19337114384078002
0.4148115654680057,0.3246483151481603
0.06177212893354156,0.9414059745606812
0.7046349428195251,0.9586769490308041
0.2378485270415588,0.0873950386529947
0.24442831341191362,0.5359504093522082
0.7166692821088633,0.7074525607967818
0.05727944200266477,0.6873211862319477
0.5226976992255725,0.1207449075404412
0.38268300013535206,0.42237046210292684
0.6936335345345803,0.5446321431442502
0.5661450600527378,0.3628448676093624
0.3268077273975545,0.17413827740940813
0.7850502177997274,0.6161965747618557
0.5009786862051716,0.20641075841783796
0.17075866810089746,0.60139106767104
0.9914070815822824,0.9528999907547835
0.7042825702967308,0.464341989561195
0.3415946413146751,0.4603095973270397
0.9865249207076328,0.20177846238394181
0.9068291830505241,0.9959391761314633
0.6139460228644975,0.2500446641111037
0.9426869976130382,0.3438607649633757
0.4266561142789208,0.08927741753354035
0.6759007289912076,0.10544146984385838
0.3383150548137568,0.3636027685480848
0.5655092308979136,0.1010439668949723
0.8058530102961057,0.12443738400666693
0.6389632343213408,0.5293079354207708
0.25190909033657993,0.06667682266615294
0.8708689430952513,0.7562352414728115
0.9140170720146383,0.04649679603916257
0.06130909703690657,0.4783716543310419
0.6619510602468588,0.7446901924755696
0.5661891245666882,0.5326994140212722
0.2982757889073159,0.07090680630557311
0.533813556837889,0.810423576068275
0.7370298154942817,0.7918588199930331
0.009906025756954873,0.5726570880435299
0.2416023347192766,0.9104999570348375
0.3875436224626587,0.9630785191036493
0.5952472229491951,0.5233816896412726
0.19898453666523652,0.6659575436406344
0.6763105852098809,0.2398351731832743
0.17312533001429298,0.4675129778903514
0.41513144823328396,0.7593231062276081
0.8153325723961625,0.9443890511788252
0.5207069128120849,0.8722503035086855
0.5056505641762487,0.6251055007587727
0.6825976062707446,0.9747182804288445
0.2568956538470015,0.7486574265115225
0.17717998545011515,0.1691532603007566
0.8259046183354515,0.17901140564470708
0.9372370384657244,0.1604330955863873
0.829212846510611,0.12506440284577847
0.18000978558037362,0.45108346789931
